-0.018239 0.118622
-0.5 -0.108653
-0.462767 0.192452
0.149434 0.0937456
0.363396 0.050482
-0.0944481 0.465307
0.0460863 -0.183655
-0.159497 -0.490501
0.114618 -0.0429203
0.170189 0.189537
0.221509 0.0502469
0.187044 0.0029391
-0.197987 -0.487303
0.23044 -0.00138726
-0.156981 0.0316247
0.0471698 -0.183565
0.0388679 -0.180179
-0.351321 -0.171197
0.21283 0.119892
0.00415094 -0.203268
-0.356478 0.415119
0.273459 0.0405126
0.214465 0.135034
0.0989937 -0.223913
0.107673 0.137009
0.0886792 0.2494
0.00855346 -0.173877
0.316478 0.0721138
0.293333 0.00656007
0.0398742 -0.256125
-0.0413836 0.00171644
0.153333 -0.188455
0.116981 0.247237
-0.214843 -0.197954
0.240755 0.0462967
-0.276226 0.0674112
-0.209434 -0.140865
0.0486792 -0.187985
-0.0534591 0.318622
0.231824 0.0601223
0.00301887 -0.00994592
0.036478 0.265624
-0.115723 0.0771455
-0.00314466 0.29036
-0.0611321 0.0268281
0.252453 -0.219257
0.0222641 -0.0720198
0.0553459 -0.235293
-0.0573585 0.046767
0.00100629 0.0367505
-0.342767 -0.205055
0.210943 0.322713
-0.168931 0.292617
-0.182138 0.267552
-0.0555975 -0.214696
-0.178616 0.116318
-0.122893 0.0375029
-0.12239 0.0374559
-0.250314 -0.456454
-0.0153459 -0.242911
-0.0388679 -0.0205267
0.255346 0.039478
0.0841509 -0.23802
0.00100629 -0.200118
0.175094 0.0884787
0.287673 0.0351517
0.329811 0.0298378
-0.00289308 0.116083
0.0251572 -0.178909
0.0490566 -0.202892
-0.0919497 -0.227157
0.136478 0.0825065
0.0130818 -0.257348
-0.0620126 0.0191159
0.0254088 0.104185
0.358239 0.0640724
-0.0221384 0.103527
-0.480503 -0.168893
0.37761 -0.024759
-0.22717 0.497743
0.363774 0.0646838
0.278491 0.000916998
-0.222642 -0.427675
-0.0874214 0.0209969
0.011195 -0.0524101
0.224277 0.120832
0.306038 0.032142
-0.0484277 -0.00627792
0.18239 -0.0207618
0.196352 0.0612979
0.394088 -0.151681
0.00062893 -0.179897
0.0113208 0.402704
0.02 -0.261063
0.282893 -0.0128145
-0.0186164 -0.0443217
-0.000880504 -0.0496356
-0.0389937 -0.169739
0.0495597 -0.209758
0.225912 0.0294616
0.0161006 -0.251752
0.268176 0.0481778
0.393836 -0.0675993
0.125535 0.212156
-0.136855 0.295721
0.179119 0.139407
0.161258 0.11961
0.312075 -0.0232542
0.318365 -0.0183165
0.149434 0.0937456
0.225912 0.0295556
0.0455346 -0.222361
0.178994 0.388643
0.280881 -0.0115918
0.150818 0.0957207
0.295849 0.195838
-0.1 0.098213
-0.0969811 0.472678
0.204151 0.349142
0.193082 0.352622
0.231698 0.054056
0.131321 0.129673
0.233208 0.20482
0.045283 0.283823
0.339497 0.0623325
0.165283 0.094498
-0.311572 0.0718787
-0.0427673 -0.0361392
0.157862 0.0314837
0.265409 0.021185
0.32239 0.0657653
0.284025 0.0115918
0.226667 0.0548084
-0.233082 0.128403
-0.195723 0.0896544
-0.0664151 0.281284
-0.0588679 0.201716
0.00515723 -0.0282389
0.180503 0.0352457
-0.0367296 0.477898
0.0460377 -0.0507171
-0.24239 0.156525
0.0563522 -0.285375
-0.0381132 0.44056
0.264403 0.0757348
0.239748 0.0152598
0.271321 0.296003
0.229937 0.048695
0.0357233 -0.181213
0.166415 -0.0249001
-0.286164 0.0862685
-0.260629 0.0425347
0.118868 0.235058
0.30478 0.00820597
-0.258365 0.463978
-0.402013 0.487491
0.00125786 -0.249024
0.0116981 0.000305667
-0.021761 0.015589
-0.233836 -0.485093
-0.30956 0.468258
0.0244025 0.405573
0.361887 0.0246649
0.0879245 0.159628
0.163899 0.200447
-0.0338365 0.374206
-0.0226415 -0.230073
-0.161635 0.409617
-0.281006 -0.168375
-0.181258 -0.223066
0.0198742 0.335645
-0.279497 -0.372702
0.304025 0.0535857
0.201887 -0.0314366
0.0490566 -0.192217
0.100503 0.139737
0.245031 0.0679755
0.33044 0.100423
-0.105031 0.0791206
0.0446541 -0.183
-0.210566 -0.0217964
0.0402516 -0.182624
0.0153459 -0.17778
0.262642 -0.16419
0.00880503 -0.178392
-0.194591 -0.490313
0.241258 0.0293675
-0.0877987 0.0133318
0.0957233 0.126099
0.0208805 -0.0554197
0.24805 0.0521749
-0.125157 0.150788
-0.0262893 -0.0430049
-0.0806289 0.28735
0.0456604 -0.183518
0.273082 0.0426287
0.257233 0.0352927
-0.161509 0.445638
-0.074717 0.122243
-0.284277 0.0739478
-0.0537107 0.083541
0.214591 -0.0160593
-0.0381132 0.219586
0.0274214 0.0861274
-0.0462893 -0.161321
0.5 0.0384435
-0.288931 0.0821773
0.357484 0.0452622
0.263774 0.0154009
0.162516 0.0967552
0.0986164 0.337197
0.200629 0.188361
-0.141635 0.105173
0.0134591 0.277945
-0.155094 0.348719
-0.0441509 -0.00223372
-0.249811 -0.5
-0.00993711 -0.179238
0.187421 0.0230661
0.211069 0.087068
0.196101 0.159064
0.0716981 -0.206372
-0.154591 0.5
-0.0879245 0.0861745
0.290314 0.0804373
0.0943396 0.147731
0.298365 -0.00590172
0.203145 -0.222925
-0.353333 -0.164143
0.221509 0.189725
-0.224151 0.469245
-0.011195 -0.194333
0.0684277 0.292993
0.0481761 -0.188878
-0.195597 -0.490783
0.0255346 0.119045
-0.206667 0.0741359
-0.22478 0.0818951
0.203145 -0.222925
-0.0903145 -0.00566659
0.17522 0.0884787
-0.0903145 -0.00566659
-0.0903145 -0.00566659
-0.145409 0.198613
-0.0903145 -0.00566659
